cnn2 = [[654  20  76  16  38  17  21  13  89  56]
 [ 23 759   5   8   6   8  11  13  36 131]
 [ 58  16 514  46 138  73  80  50  17   8]
 [ 23  14  66 414 116 201  94  46  16  10]
 [ 23   4  71  33 712  38  52  48  15   4]
 [ 10   4  76 105  73 607  35  69  15   6]
 [  4   1  29  34  70  29 809   9  14   1]
 [ 13   7  35  17  97  71   8 735   3  14]
 [ 69  44  11  12  11  11   6   7 791  38]
 [ 23  81  11  10  14   8   7  33  33 780]]

 cnn5 = [[745  16  80  25   5   3   9  10  83  24]
 [ 33 817  10   9   1   7   7   6  39  71]
 [ 68   9 642  56  47  42  75  42  14   5]
 [ 24  14  97 510  52 141  87  46  16  13]
 [ 31   5 157  70 536  29  74  78  20   0]
 [  9   4  88 195  33 565  34  55  11   6]
 [  6   3  68  57  22  15 813   5  10   1]
 [ 27   7  55  46  40  40  11 764   5   5]
 [ 65  51  14  13   8   5   7   8 813  16]
 [ 41 107  15  25   6   5  13  11  30 747]]

 sh1 = [[553  27  54  25  34  29  32  40 103 103]
 [ 46 526  14  29  14  28  25  31  54 233]
 [ 68  17 302  91 168  88 141  81  13  31]
 [ 29  17  56 334  73 196 162  64  19  50]
 [ 50   7  87  63 456  46 156  96  24  15]
 [ 20   2  55 197  71 421 103  70  28  33]
 [ 10   9  41  67  96  63 654  24   7  29]
 [ 38  12  36  58 101  65  36 578  17  59]
 [104  55  16  26  34  30  18  16 599 102]
 [ 30  95  13  29  21  25  22  42  47 676]]

 sh2 = [[500  40  74  43  36  46  32  32 153  44]
 [ 56 523  25  46  13  30  29  18  74 186]
 [ 66  22 314 107 149 117 128  57  30  10]
 [ 23  23  77 319  67 247 134  43  31  36]
 [ 39  11 132  91 381  89 133  69  34  21]
 [ 16  21  66 212  71 405 108  53  36  12]
 [  9  19  72 109 111  86 547  15  15  17]
 [ 49  13  50  93 106 123  45 450  19  52]
 [ 97  61  20  39  24  27  16  15 647  54]
 [ 60 155  10  50  18  27  40  42 107 491]]

 sh3 = [[511  41  65  41  30  33  31  40 166  42]
 [ 36 562  13  43  19  29  27  20  82 169]
 [ 94  34 280  76 152  86 144  76  39  19]
 [ 35  31  75 287  57 214 169  52  45  35]
 [ 60  15 131  80 342  59 187  76  32  18]
 [ 28  25  71 189  64 354 127  63  52  27]
 [  6  22  72  96  84  80 588  19  14  19]
 [ 51  28  48  87  98  90  51 459  26  62]
 [119  73  12  43  18  26  12  11 616  70]
 [ 54 181   8  38   4  25  42  45 114 489]]